5493385 4013361 5
5536855 3568000 6
5909523 3935330 5
5821641 3631433 6
5894584 3902813 9
5489021 3711646 7
5803770 4219781 6
5937835 4036431 7
5956027 3668501 8
5803770 3457414 7
5956027 4047183 9
5735741 3376657 8
5803770 3591413 7
5536855 3409483 9
5821641 3334312 9
5956027 3977391 10
5915755 3549474 10
5956027 3721865 8
5358167 1798718 6
5956027 3821090 9
5821641 3743057 8
5493385 3355983 4
5536855 3502470 9
5802859 3512167 5
5909523 3567010 9
4751897 4040477 4
5675875 4183119 6
5956027 3712973 6
5956027 3396306 10
5735741 3000384 8
5821641 3659508 9
5308793 2820744 9
5535127 3566363 7
5821641 4713553 3
5175588 2908835 9
5909523 3986204 9
5956027 2890449 6
5956027 2844500 8
5821641 3909110 9
5493385 2745291 5
5803770 2878324 5
5956027 3710369 8
5821641 3916212 5
5956027 3686757 9
5956027 3492584 8
5627447 4367119 7
5493385 4082425 8
5956027 2948132 8
5956027 3306125 7
5956027 3818748 10
5909523 4645296 7
5627447 2931462 7
5956027 2634129 9
5956027 3786205 7
5536855 3471458 4
5956027 2609073 6
5894584 3769468 6
5956027 4057299 7
5956027 3013987 7
5493385 3875401 6
5894584 3042001 8
5446743 3774999 6
5956027 4246653 6
5956027 3663932 9
5894584 3792459 8
5956027 3908315 10
4739509 3444550 5
5894584 2965727 8
5267198 3863060 8
5535127 3943357 5
5915755 3264403 3
5894584 3873186 8
5909523 3531738 8
5369515 3725857 7
5627447 3716699 8
5956027 1962556 8
5803770 3686637 7
4792378 3645545 5
5914595 965009 4
5894584 3597536 8
5821641 3474670 10
5493385 4035072 4
5821641 4031453 6
5956027 3274729 7
5956027 3346171 10
4787394 3638312 6
5446743 4088832 5
5915755 3354318 8
5909523 1945968 9
5956027 3419681 8
5489021 623189 5
5489021 2843185 5
5821641 3855555 8
5937835 4038958 8
5821641 3910106 7
5909523 3216091 4
5627447 3746965 7
5308793 3753248 7
5446743 3227865 3
5909523 3673374 10
5956027 3925750 4
5821641 4510373 4
5493385 3551655 10
5821641 3182203 7
5956027 3645133 6
5956027 3266023 5
5446743 4167738 5
5956027 3350654 8
5956027 3646464 7
5894584 4131199 6
5894584 4710917 3
5535127 3847391 6
5821641 3137764 8
5369515 3665405 6
5117727 4018448 5
5489021 2002878 5
5956027 3690591 8
5956027 3699554 7
5956027 3862658 10
5915755 3745028 7
5308793 4411734 4
5915755 3966501 6
5627447 4199684 7
5821641 4191447 9
5535127 3465298 7
5937835 3881118 9
5956027 3441843 6
4662911 4040253 2
5956027 3326832 9
5909523 4320660 8
5802859 2950056 8
5493385 4168973 3
5267198 3054910 7
5175588 3493840 8
5956027 4345314 5
5646752 3749822 7
5493385 4585324 5
5627447 3906299 5
5956027 4201977 7
5956027 2264718 8
5894584 3849638 5
5821641 3697926 6
5956027 3391391 7
5446743 3399394 7
5956027 2871466 7
5915755 2981647 6
5956027 3921149 4
5803770 2755352 6
5894584 2918287 9
5894584 3593126 9
5821641 4096567 5
5894584 4233626 8
5459668 3422222 7
5956027 3051777 5
5894584 3476578 8
5915755 2879252 7
5894584 2463685 8
4662911 3510394 3
5821641 3551882 8
5956027 3255353 10
5802859 1789705 5
5821641 3789350 9
5117727 2251351 5
5956027 4351982 3
5909523 3894232 8
5909523 4032306 9
5915755 2866764 6
5956027 2812687 6
5536855 3424707 3
5894584 2986318 7
5915755 4542341 4
5937835 4026259 10
5894584 3992703 6
5308793 3601888 5
4528282 3510504 3
5956027 3905873 8
4853647 3418557 6
5915755 4037091 8
5909523 3517981 4
5646752 3529078 5
5915755 3507681 9
5369515 3377111 7
4676142 3643060 4
5915755 4627151 3
5956027 3234665 8
5894584 3731794 10
5956027 3218280 9
5909523 4315309 7
5894584 4031327 6
5821641 3620142 10
5675875 3244803 8
5627447 2775531 8
5894584 3143693 7
5821641 3166635 8
5445025 3659255 2
5489021 1691414 8
5627447 3238525 5
5915755 3815150 7
5803770 3548632 5
5915755 3627192 6
5909523 3558459 10
5081671 3514758 7
5627447 3241145 8
5909523 3376371 7
5956027 4451693 6
5937835 3734457 6
5937835 3556245 9
4880356 4487109 3
5802859 3622498 10
5956027 3783288 7
5956027 3617892 6
5914595 2031469 7
5937835 4053804 6
5915755 4509008 3
5937835 3542004 5
5627447 3875483 4
5821641 3995177 9
5627447 4107941 5
5627447 3612976 7
5536855 3094511 8
5909523 2643650 9
5909523 2910915 10
5821641 3894396 6
5894584 3619912 6
5937835 4128109 3
5956027 4214306 8
5937835 4882530 4
5627447 3732494 8
5803770 4012117 7
5821641 3768586 7
5369515 4058677 6
5493385 2435719 6
5308793 3424890 6
5956027 4013839 7
5821641 4675815 5
5821641 4268815 5
5956027 2906179 8
5956027 4851820 4
5031982 3792268 5
5915755 3575916 6
5937835 3716769 8
5909523 3759196 8
5956027 4101711 8
5915755 3700921 7
5956027 4428057 6
5803770 3834445 2
5627447 3796943 6
5459668 3787852 7
5956027 3757320 6
5915755 3571598 9
5956027 3840690 7
5956027 3646575 7
5894584 3171112 9
5821641 4007341 10
5909523 3499980 10
5821641 1573443 6
5915755 3705938 8
5894584 3659046 5
5536855 2762797 10
5735741 3597641 8
5894584 4114496 10
5535127 3505503 5
5821641 4390956 4
5267198 3622812 7
5909523 3778126 7
5909523 3806577 8
5956027 4041692 6
5821641 778492 9
5956027 3217316 7
5081671 4556760 2
5915755 4226898 4
5956027 3757262 8
5489021 3138897 7
5956027 4092729 5
5956027 3110250 10
5535127 4213038 5
5894584 4516164 6
5915755 3800328 10
5821641 4077059 4
5894584 3541385 10
5909523 3884686 6
5956027 3412211 5
5956027 2584755 7
5821641 3192442 8
5894584 3809472 7
5493385 2576882 5
5821641 3231785 6
5369515 3433891 9
5956027 3136590 9
5956027 3604802 10
5493385 3933149 5
5782367 2394263 7
5915755 3864133 7
5821641 3764960 10
5535127 3930229 8
5956027 3581135 10
5358167 3030486 6
5956027 3793609 10
5894584 3840855 9
5894584 3665500 7
5909523 3987037 6
5821641 3541349 8
5894584 3334538 6
5915755 3546559 8
5956027 4123777 6
5909523 3800550 6
4792378 3816198 3
5909523 3262165 7
5446743 3909721 6
5937835 4276603 10
5956027 2576359 7
5821641 3749837 8
5821641 3535763 7
5915755 3555285 10
5956027 4108093 9
5915755 3727488 8
5956027 4612612 5
5536855 3582458 6
5956027 3640248 9
5821641 3552381 7
5956027 4509201 6
5894584 4123779 6
5894584 3735068 8
5894584 3896336 7
5915755 3243757 10
5803770 3447570 7
5909523 3442566 6
5956027 3863025 6
5894584 3271666 8
5915755 2517602 10
5909523 3448553 7
5956027 4262182 10
5821641 3771047 8
5956027 2783453 9
5894584 3371933 6
5627447 3906320 3
5821641 3948093 7
5915755 3944443 7
5894584 4090239 7
5821641 3809991 8
5489021 3212490 9
5937835 3879713 10
5956027 3343482 9
5493385 3791392 6
5627447 4282473 3
5735741 1770493 8
5369515 4140367 5
5535127 3795190 7
5956027 3798806 6
5894584 3877022 7
5909523 4667190 7
5803770 4129109 5
5956027 4092059 6
5821641 3825079 6
5909523 2920971 7
5915755 1981334 5
5358167 2123439 4
5956027 1211334 9
5821641 3526900 8
5915755 3907434 7
5627447 3670176 6
5536855 3364158 8
5956027 3943277 6
5894584 2481915 6
4787394 3213537 4
5536855 3524038 9
5956027 3604176 8
5308793 3844029 5
5821641 3773628 7
5493385 3782520 10
5956027 3377623 4
5821641 3523258 9
5627447 3720084 4
5493385 3103850 6
5894584 3169899 9
5821641 3927275 8
5821641 3577052 5
5956027 3668476 7
5956027 4075628 5
5956027 3151323 5
5627447 3292530 8
5915755 3421083 9
5821641 3611318 10
5535127 4122811 8
5821641 3859826 8
5956027 3576535 7
5915755 3224088 6
5909523 1208164 9
5894584 3634627 6
5915755 3447040 4
5821641 3787988 7
5894584 3898375 6
5909523 3886865 6
5956027 4055765 7
5894584 2748717 8
5956027 3989579 8
5894584 3777277 10
5627447 3639076 8
5894584 3691695 9
5821641 4249223 6
5308793 3137058 4
5915755 3933187 6
5803770 3689804 5
5894584 4464732 4
5915755 3810012 6
5803770 2852755 5
5956027 3686504 7
5894584 3258750 5
5821641 2984740 7
5821641 3762152 6
5821641 3705400 6
5937835 2781781 8
5031982 3638306 9
5493385 3588830 7
5031982 4059324 3
5909523 3673397 9
5493385 3847391 7
5909523 3646502 8
5894584 2816175 8
5956027 4531154 5
5031982 2064896 6
5956027 3683239 7
5802859 3896485 6
5909523 3186404 8
5956027 3587039 8
5117727 4217803 5
5915755 3591840 9
5956027 529760 6
5894584 1573546 8
5956027 3562927 8
5358167 2540354 6
5956027 4285587 6
5821641 2930137 5
5894584 2941201 10
5956027 2969522 6
5493385 3924564 7
5117727 3685033 6
5956027 3799702 8
5489021 3810095 8
5803770 3998094 5
5158173 1680177 4
5909523 4144545 10
5956027 3228688 6
5956027 3988608 8
5956027 3083299 8
5894584 3684897 5
5937835 4114578 7
5117727 3775545 5
5493385 3513308 4
5821641 3697668 6
5821641 3716771 8
5803770 3592781 6
5915755 3392332 6
5627447 3548112 9
5627447 3337741 6
5956027 3618069 7
5894584 3994013 5
5821641 2895637 9
5535127 3569842 10
5802859 3355598 10
5627447 3836709 10
5031982 2443987 5
5627447 3710763 9
5175588 3825338 6
5956027 3626266 7
4741988 3355289 4
5956027 4190748 6
5821641 4176298 7
5915755 3754170 5
5894584 4284866 6
5821641 3739329 8
5821641 3072457 10
5627447 2362724 8
5909523 3771101 7
5031982 3650598 4
5493385 3123195 6
5821641 4504803 8
5536855 3717442 10
5369515 3535890 10
5894584 4032795 8
5956027 3750670 8
5536855 3660220 9
5489021 965444 5
5536855 3053662 7
5956027 4044233 6
5915755 3466076 7
5821641 2956717 9
5956027 2993154 9
5627447 3969168 10
5493385 4010717 7
5956027 3725723 6
5956027 3486506 10
5536855 3694440 6
5802859 3847209 8
5821641 3340883 6
5536855 3419624 5
5493385 3761688 7
5894584 4107556 10
5675875 4564957 4
5909523 4080044 4
5627447 2927042 9
5627447 3533084 10
5956027 3135677 9
5535127 3406391 8
5627447 4677539 4
5909523 2505001 10
5956027 3609880 6
5493385 3777871 6
5536855 3617440 8
5493385 3680481 4
5915755 3470002 6
5894584 3392316 10
5909523 3996493 9
5909523 3999837 5
5956027 4253768 8
5956027 3578585 8
5956027 3080681 9
5915755 3734618 10
5956027 3608743 7
5894584 3643629 7
5956027 3069625 5
5536855 2881364 7
5937835 3610848 7
5956027 4418277 4
5956027 3797387 8
5821641 2658170 4
5915755 3539974 7
5802859 4027637 10
5915755 3511178 8
5956027 4263536 5
5909523 3901997 8
5821641 3648248 9
5956027 3849716 9
5803770 1099062 6
5821641 4521880 4
5493385 3552844 7
5915755 3594264 8
5909523 3427105 10
5956027 2333791 9
5894584 3716706 7
5535127 3097266 7
5489021 1956205 6
5894584 4545048 6
5894584 3909716 10
5627447 3485093 7
5802859 2714670 8
5894584 3439596 10
5909523 4002998 6
5915755 3514379 5
5627447 3950683 7
5915755 3533084 7
5894584 3837003 5
5894584 3730593 8
5956027 3893042 6
5493385 3640615 5
5894584 3876984 7
5915755 3222632 6
5627447 4099211 8
5894584 4129813 7
5894584 3535852 9
5937835 3720192 9
5369515 3491761 7
5956027 4031514 6
5956027 4429266 9
5956027 3272021 8
5915755 3125908 5
5803770 3752136 9
5627447 4016472 10
5956027 3434691 8
5821641 4296755 6
5735741 2680437 8
5956027 3760051 10
5821641 3862354 8
5175588 3687545 8
5937835 3990412 7
5144968 2110022 4
5802859 2720756 6
5956027 3962637 5
5894584 3710323 7
5894584 1911234 10
5915755 3594764 10
5909523 2481068 9
5956027 3943046 9
5956027 4542472 5
5956027 4278972 5
5308793 3615934 5
5821641 3488913 7
5909523 3234630 9
5894584 4148092 8
5909523 4072387 9
5536855 3713880 9
5956027 4941170 4
5894584 4288782 5
5909523 3258885 9
5956027 4020462 5
5909523 3449046 8
5956027 4001818 6
5894584 3918091 6
5493385 3604939 5
5803770 3234410 6
5735741 3798549 9
5535127 3938091 5
5894584 3932846 6
4528282 2797143 5
5536855 3479216 8
5956027 4618889 6
5915755 3560258 8
5956027 3375423 9
5909523 1805395 8
5956027 2413009 10
5956027 3676713 8
5956027 4118666 6
5821641 3659524 8
5956027 3663764 6
5937835 3244398 6
5915755 3351498 7
5937835 3375513 9
5803770 3835701 4
5956027 2988691 9
5358167 3818308 9
5267198 4168490 5
5937835 4062333 9
5894584 3769579 4
5117727 2377783 5
5909523 3715733 8
5909523 3553676 9
5821641 3937959 8
5821641 2895561 10
5536855 261542 8
5956027 3688012 9
5915755 3535633 8
5956027 3716474 8
5915755 3306116 7
5894584 2531883 9
5821641 4114446 6
5536855 4063995 5
4787394 3362501 5
5956027 3750168 6
5675875 3555573 4
5821641 3336576 6
5915755 4111513 6
5894584 4232231 6
5627447 2842688 5
5894584 4165520 7
5802859 3558376 9
5031982 4545390 2
5956027 3206689 6
5802859 3255586 8
5956027 2790848 7
5909523 3721961 8
5894584 4149502 7
5956027 2745410 9
5735741 3586864 9
5956027 4045639 9
5369515 4545048 3
5821641 4170414 7
5308793 3206339 5
5909523 4264668 5
5956027 3428817 7
4739509 3990050 4
5535127 4112429 7
5894584 4672585 5
5535127 3258692 5
5956027 3732464 8
5909523 3788948 10
5915755 3526759 10
5821641 3622807 8
5909523 3075360 10
5956027 2557279 8
5031982 2245620 5
5956027 3308438 9
5956027 3504196 6
5956027 2291755 9
5803770 3738341 6
5956027 2612552 5
5493385 3445598 5
5956027 3812225 10
5803770 3489749 5
5894584 4064846 7
5802859 4200889 5
5915755 3810101 10
5821641 3668620 6
5627447 3215568 9
5956027 3743081 10
5821641 3633091 7
5956027 4709277 5
5803770 3649438 6
5894584 3824021 8
5915755 4459638 5
5802859 3983572 9
5489021 4618058 4
5909523 3372038 10
5894584 3077038 6
5909523 4353954 7
5627447 3958105 6
5909523 1434860 9
5909523 4188089 9
5894584 3148281 8
5493385 3328790 6
5646752 3423749 8
5267198 3331058 4
5821641 4059850 8
5937835 3838297 7
5821641 3910664 6
5956027 4412312 6
5627447 4525658 5
5909523 4717508 7
5956027 4792848 4
5956027 3513993 6
5821641 3609633 10
5956027 3595219 8
5821641 3889063 9
5894584 3909723 9
5821641 3846721 7
5956027 4317200 7
5915755 3788749 9
5956027 2759602 7
5493385 2495887 8
5536855 3630800 7
5915755 3938172 8
5894584 3600241 9
5956027 4243007 6
5909523 3684817 7
5894584 4559612 5
5821641 3754815 7
5031982 2595343 6
5459668 3286175 9
5308793 3730766 6
5459668 3810067 3
5915755 1794666 7
5909523 3622291 8
5821641 3198214 10
5821641 3239815 7
5956027 4034299 6
5956027 4129793 9
5956027 3530451 6
5956027 3587360 8
5802859 3727220 9
5627447 4423367 5
5894584 3517168 8
5909523 4478485 7
5489021 2689562 8
5803770 3882728 6
5031982 3842584 6
5175588 3893416 7
5894584 2941741 8
5894584 4574382 6
5909523 4012584 7
5493385 3656674 2
5956027 4182363 8
5894584 3149921 10
5937835 3872845 7
5627447 3543240 9
5956027 3229599 8
5956027 4053350 8
5894584 3482214 6
5909523 2956939 7
5909523 4532523 7
5956027 3134906 9
5802859 2284013 5
4880356 3601235 6
5894584 4300065 8
5627447 3615924 9
5914595 2994962 3
5956027 2527659 8
5937835 3130331 9
5956027 4206314 6
5956027 3825689 5
5117727 3681756 7
5937835 3278817 8
5536855 3759711 8
5894584 4029952 6
5956027 3617398 9
5909523 4012843 5
5956027 3978408 5
5956027 3766795 7
5369515 3740722 7
5489021 2568279 5
5909523 3963317 8
5489021 2099906 5
5894584 2911563 7
5894584 3351948 7
5956027 3956670 6
4739509 3644680 3
5821641 3826935 9
5915755 4045817 7
5493385 3801858 9
5803770 4080607 5
5915755 3539086 9
5894584 4283602 6
5493385 2870235 10
5909523 4044642 9
5956027 2561602 7
5535127 3873975 6
5489021 3011649 4
5369515 3833284 5
5937835 3800199 10
5821641 4019033 6
5956027 3790706 5
5894584 4286320 5
5627447 3634657 7
4741988 3078231 3
5956027 3241687 7
5821641 4109097 7
5493385 4079711 7
5894584 4490842 6
5956027 3890633 7
5894584 3871652 9
5821641 3671142 6
5915755 2498917 9
5821641 2145166 8
5915755 3574014 8
5937835 4051822 9
5821641 3566095 6
5175588 3560988 7
5369515 2747083 8
5821641 3073248 6
5627447 3675583 8
5821641 3100658 9
5627447 1005496 10
5915755 3979734 7
5489021 3665052 8
5821641 3639768 8
5956027 3938106 6
5937835 3611117 9
5956027 3746635 8
5493385 3986650 5
5821641 2992403 5
5956027 3710024 6
5493385 3739078 6
5803770 3193359 6
5956027 4188912 6
5803770 3747577 5
5493385 3541537 8
5937835 4182126 7
5956027 3795434 8
5894584 3919711 7
5915755 3569611 5
5956027 3781783 8
5031948 3879079 3
5956027 4488297 5
5956027 2993436 9
5956027 3995269 6
5956027 3042014 10
5956027 3513446 7
5535127 3967092 5
5956027 3325770 6
5956027 4611272 5
4652480 3547693 4
5956027 3705124 8
5956027 3505188 8
5803770 3761870 6
5956027 4096452 9
4676142 3904042 2
5489021 3509239 7
5489021 3599212 5
5937835 3608874 8
5803770 3008859 7
5803770 2788804 8
5894584 4733301 4
5956027 3687130 10
5489021 2631809 8
5915755 3710202 5
5909523 2753536 9
5909523 3823217 9
5821641 4447870 5
5493385 3673332 8
5821641 2980893 8
5802859 3138006 5
5489021 2633126 6
5894584 4439838 7
5956027 3397605 9
5956027 4141645 6
5821641 4283103 6
5580004 5082187 1
5821641 3600511 8
5894584 2925279 10
5909523 3814641 6
5956027 2978228 7
5821641 4258272 6
5175588 3455637 5
5627447 2933008 7
5894584 3406343 6
5627447 4027257 8
5956027 3331969 8
5493385 3364545 7
5802859 2946221 6
4739509 3838226 5
5937835 3826318 9
5956027 3704038 9
5489021 407713 9
4631845 3759359 4
5536855 3215657 5
5909523 3760374 7
5956027 4433249 5
5937835 3166063 8
5956027 3564120 8
5821641 3925788 8
5627447 4384312 4
5956027 3843875 5
5956027 3870966 6
5894584 2930478 8
5894584 4086471 9
5493385 2229284 6
5493385 3253772 8
5909523 3582724 9
5894584 3947699 9
5956027 3473100 8
5915755 3618203 4
5915755 3586596 4
5489021 2718251 5
5956027 3929202 8
5803770 4214479 5
5894584 4133793 7
5803770 4100436 5
5956027 3624782 6
5493385 3625605 7
5802859 3998189 9
4751897 3661325 4
5821641 3593316 7
5803770 3658679 5
5489021 1353605 5
5937835 3338139 10
5909523 3548381 9
5937835 3108455 8
5821641 3936879 6
5894584 2528129 9
5627447 3728607 6
5915755 2895479 6
5937835 4264850 7
5956027 4174258 7
5535127 3609312 7
4652480 2871218 5
5821641 3219843 8
5493385 3074663 6
5909523 3287442 10
5956027 4052580 8
5956027 3617770 9
5802859 2055780 4
5909523 3128167 8
5956027 3854043 8
5915755 1903041 9
5956027 4346264 6
5956027 3571705 10
5894584 3198880 6
5802859 3313274 8
5937835 3315235 10
5909523 3559270 8
5627447 3826699 10
5956027 3944732 9
5956027 3731987 4
5735741 3800104 10
5894584 3390234 4
5956027 2519894 6
5956027 3412334 6
5802859 3541808 5
5627447 3998093 8
5627447 3422422 10
5821641 3571603 7
5735741 3151403 6
5821641 3030442 10
5493385 3976198 7
5894584 4542479 8
5535127 3294896 6
5956027 4367465 5
5909523 2938068 7
5821641 3639906 7
5802859 2822095 6
5821641 3702405 9
5802859 2326274 8
5627447 3769571 6
5821641 3934175 7
5821641 4079458 7
5802859 3673993 9
5536855 3749687 6
5536855 3987033 7
5894584 3895183 9
5956027 4488035 5
5493385 2690106 5
5646752 4117473 6
5909523 3590158 9
5493385 3871640 5
5956027 3702312 7
5909523 3745527 8
4853647 3484625 9
5956027 4296438 10
5894584 3496300 6
5956027 2367866 9
5803770 3662330 8
5803770 3703700 7
5956027 3768071 5
5909523 4283116 6
5493385 3739748 4
5358167 3886581 6
5535127 3829777 8
5493385 3586311 8
5627447 4223255 5
5937835 2996136 8
5937835 3238416 7
5535127 3599146 7
